{
 "cells": [
  {
   "cell_type": "markdown",
   "metadata": {},
   "source": [
    "# Регрессия - пора творить!"
   ]
  },
  {
   "cell_type": "markdown",
   "metadata": {},
   "source": [
    "Если вы дошли до этой практики и выполнили все предыдущие - вау! Аплодисменты вам!\n",
    "\n",
    "<p align=\"center\"><img src=\"https://raw.githubusercontent.com/AleksDevEdu/ml_edu/master/assets/leo.png\" width=500/></p>"
   ]
  },
  {
   "cell_type": "markdown",
   "metadata": {},
   "source": [
    "\n",
    "\n",
    "Тем не менее, не время расслабляться! На этот раз мы не будем рассказывать вам новый материал - лишь дадим пару напутствий и пожелаем успехов и сил!\n",
    "\n",
    "В этот раз вам предлагается разработать модель предсказания цены домов по набору данных Boston Houses Pricing. Мы его уже немного пощупали в прошлой практике, но в этой вам предстоит сделать всё самостоятельно и на полных данных!\n",
    "\n",
    "Что надо будет сделать:\n",
    "- загрузить данные;\n",
    "- посмотреть и размер, и примеры данных;\n",
    "- проверить количество пропусков в данных;\n",
    "    - убедиться, что пропусков в данных нет и можно строить **baseline**;\n",
    "- разделить данные на train и test;\n",
    "    - Делаем это один раз! Все дальнейшие модификации и улучшения должны делаться на основе единственного разделения!\n",
    "    - И не забудьте зафиксировать сид! Переменную `RANDOM_SEED` мы даём ниже;\n",
    "- создать baseline модель, получить метрики на тестовой выборке;\n",
    "- проанализировать данные, подготовить план по очистке и предобработке данных;\n",
    "- создать функцию очистки;\n",
    "- произвести очистку train и test выборок -> обучаем модель с очищенными данными;\n",
    "    - Снимаем метрики и так мы оцениваем влияние очистки данных на обучение;\n",
    "- создать класс предобработки данных;\n",
    "- сделать предобработку очищенных данных -> обучаем модель;\n",
    "    - Снимаем метрики и так мы оцениваем влияние предобработки данных на обучение;\n",
    "\n",
    "А дальше можете пофантазировать, почитать интернет и посмотреть, как улучшить метрики! \n",
    "\n",
    "**Ваша цель - достигнуть наилучших показателей!**\n",
    "\n",
    "Вот вам пара идей по интересной организации предобработке:\n",
    "- по признаку `CRIM` создать признак `is_CRIM`, который будет равен 1, если `CRIM` не равен 0 и 0, если `CRIM` равен нулю;\n",
    "- сделать обучение модели [Lasso](https://scikit-learn.org/stable/modules/generated/sklearn.linear_model.Lasso.html), посмотреть, какие признаки имеют веса близкие к 0 и убрать их из обучения как незначимые;\n",
    "- оставить только признаки с высокой корреляцией с целевой переменной;\n",
    "- посмотреть, какие переменные коррелирцют между собой и оставить только единственные из пар коррелирующих;\n",
    "- посмотреть, в каких примерах данных модель ошибается сильнее всего (отсортировать записи из теста по величине ошибки) и проанализировать, есть ли какая-то зависимость или шум;\n",
    "- комбинировать разные подходы в зависимости от того, помогает это предсказаниям или нет.\n",
    "\n",
    "Ещё большим плюсом будет, если вы покажете, как влияет каждый этап предобработки на результаты обучения!"
   ]
  },
  {
   "cell_type": "markdown",
   "metadata": {},
   "source": [
    "Что мы ждем от вас? \n",
    "\n",
    "Готовый ноутбук с таким же названием, в котором будут обязательные пункты с выводами по анализу данных и анализу поведения модели, а также дополнительные пункты с вашими мыслями и результатами улучшения модели.\n",
    "\n",
    "Успехов вам, мы в вас верим, вы точно справитесь!\n",
    "\n",
    "<p align=\"center\"><img src=\"https://raw.githubusercontent.com/AleksDevEdu/ml_edu/master/assets/cat-computer-peek-out-36960208.jpg\" width=600/></p>"
   ]
  },
  {
   "cell_type": "markdown",
   "metadata": {},
   "source": [
    "Импортируем необходимые библиотеки:"
   ]
  },
  {
   "cell_type": "code",
   "execution_count": 1,
   "metadata": {},
   "outputs": [
    {
     "name": "stdout",
     "output_type": "stream",
     "text": [
      "Requirement already satisfied: numpy==1.26.4 in c:\\users\\user\\appdata\\local\\programs\\python\\python310\\lib\\site-packages (1.26.4)\n",
      "Requirement already satisfied: pandas==2.2.2 in c:\\users\\user\\appdata\\local\\programs\\python\\python310\\lib\\site-packages (2.2.2)\n",
      "Requirement already satisfied: matplotlib==3.8.4 in c:\\users\\user\\appdata\\local\\programs\\python\\python310\\lib\\site-packages (3.8.4)\n",
      "Requirement already satisfied: scikit-learn==1.4.2 in c:\\users\\user\\appdata\\local\\programs\\python\\python310\\lib\\site-packages (1.4.2)\n",
      "Requirement already satisfied: seaborn==0.13.2 in c:\\users\\user\\appdata\\local\\programs\\python\\python310\\lib\\site-packages (0.13.2)\n",
      "Requirement already satisfied: python-dateutil>=2.8.2 in c:\\users\\user\\appdata\\roaming\\python\\python310\\site-packages (from pandas==2.2.2) (2.9.0.post0)\n",
      "Requirement already satisfied: pytz>=2020.1 in c:\\users\\user\\appdata\\local\\programs\\python\\python310\\lib\\site-packages (from pandas==2.2.2) (2024.2)\n",
      "Requirement already satisfied: tzdata>=2022.7 in c:\\users\\user\\appdata\\local\\programs\\python\\python310\\lib\\site-packages (from pandas==2.2.2) (2024.2)\n",
      "Requirement already satisfied: contourpy>=1.0.1 in c:\\users\\user\\appdata\\local\\programs\\python\\python310\\lib\\site-packages (from matplotlib==3.8.4) (1.3.0)\n",
      "Requirement already satisfied: cycler>=0.10 in c:\\users\\user\\appdata\\local\\programs\\python\\python310\\lib\\site-packages (from matplotlib==3.8.4) (0.12.1)\n",
      "Requirement already satisfied: fonttools>=4.22.0 in c:\\users\\user\\appdata\\local\\programs\\python\\python310\\lib\\site-packages (from matplotlib==3.8.4) (4.54.1)\n",
      "Requirement already satisfied: kiwisolver>=1.3.1 in c:\\users\\user\\appdata\\local\\programs\\python\\python310\\lib\\site-packages (from matplotlib==3.8.4) (1.4.7)\n",
      "Requirement already satisfied: packaging>=20.0 in c:\\users\\user\\appdata\\roaming\\python\\python310\\site-packages (from matplotlib==3.8.4) (24.1)\n",
      "Requirement already satisfied: pillow>=8 in c:\\users\\user\\appdata\\local\\programs\\python\\python310\\lib\\site-packages (from matplotlib==3.8.4) (10.4.0)\n",
      "Requirement already satisfied: pyparsing>=2.3.1 in c:\\users\\user\\appdata\\local\\programs\\python\\python310\\lib\\site-packages (from matplotlib==3.8.4) (3.1.4)\n",
      "Requirement already satisfied: scipy>=1.6.0 in c:\\users\\user\\appdata\\local\\programs\\python\\python310\\lib\\site-packages (from scikit-learn==1.4.2) (1.14.1)\n",
      "Requirement already satisfied: joblib>=1.2.0 in c:\\users\\user\\appdata\\local\\programs\\python\\python310\\lib\\site-packages (from scikit-learn==1.4.2) (1.4.2)\n",
      "Requirement already satisfied: threadpoolctl>=2.0.0 in c:\\users\\user\\appdata\\local\\programs\\python\\python310\\lib\\site-packages (from scikit-learn==1.4.2) (3.5.0)\n",
      "Requirement already satisfied: six>=1.5 in c:\\users\\user\\appdata\\roaming\\python\\python310\\site-packages (from python-dateutil>=2.8.2->pandas==2.2.2) (1.16.0)\n",
      "Note: you may need to restart the kernel to use updated packages.\n"
     ]
    },
    {
     "name": "stderr",
     "output_type": "stream",
     "text": [
      "\n",
      "[notice] A new release of pip is available: 24.2 -> 24.3.1\n",
      "[notice] To update, run: python.exe -m pip install --upgrade pip\n"
     ]
    },
    {
     "name": "stdout",
     "output_type": "stream",
     "text": [
      "1.26.4\n",
      "3.8.4\n",
      "1.4.2\n",
      "0.13.2\n"
     ]
    }
   ],
   "source": [
    "%pip install numpy==1.26.4 pandas==2.2.2 matplotlib==3.8.4 scikit-learn==1.4.2 seaborn==0.13.2\n",
    "\n",
    "import numpy as np\n",
    "import matplotlib as mpl\n",
    "import sklearn as skl\n",
    "import seaborn as sns\n",
    "\n",
    "# Проверка правильности установленных версий\n",
    "print(np.__version__)\n",
    "print(mpl.__version__)\n",
    "print(skl.__version__)\n",
    "print(sns.__version__)\n"
   ]
  },
  {
   "cell_type": "markdown",
   "metadata": {},
   "source": [
    "Настройка визуализации и фиксирование RANDOM_SEED:"
   ]
  },
  {
   "cell_type": "code",
   "execution_count": 2,
   "metadata": {},
   "outputs": [],
   "source": [
    "# Зафиксируем состояние случайных чисел\n",
    "import numpy as np\n",
    "import random\n",
    "import pandas as pd\n",
    "import matplotlib.pyplot as plt \n",
    "import seaborn as sns\n",
    "\n",
    "# Настройки для визуализации\n",
    "TEXT_COLOR = \"black\"\n",
    "\n",
    "plt.rcParams[\"figure.figsize\"] = (15, 10)\n",
    "plt.rcParams[\"text.color\"] = TEXT_COLOR\n",
    "plt.rcParams[\"font.size\"] = 14\n",
    "plt.rcParams[\"lines.markersize\"] = 15\n",
    "plt.rcParams[\"axes.labelcolor\"] = TEXT_COLOR\n",
    "plt.rcParams[\"xtick.color\"] = TEXT_COLOR\n",
    "plt.rcParams[\"ytick.color\"] = TEXT_COLOR\n",
    "\n",
    "sns.set_style(\"darkgrid\")\n",
    "\n",
    "\n",
    "RANDOM_SEED = 42\n",
    "np.random.seed(RANDOM_SEED)\n",
    "random.seed(RANDOM_SEED)"
   ]
  },
  {
   "cell_type": "markdown",
   "metadata": {},
   "source": [
    "Загрузим данные:"
   ]
  },
  {
   "cell_type": "code",
   "execution_count": 3,
   "metadata": {},
   "outputs": [],
   "source": [
    "df_src = pd.read_csv(\"boston.csv\")"
   ]
  },
  {
   "cell_type": "markdown",
   "metadata": {},
   "source": [
    "Посмотрим размер данных:"
   ]
  },
  {
   "cell_type": "code",
   "execution_count": 4,
   "metadata": {},
   "outputs": [
    {
     "data": {
      "text/plain": [
       "(506, 14)"
      ]
     },
     "execution_count": 4,
     "metadata": {},
     "output_type": "execute_result"
    }
   ],
   "source": [
    "df_src.shape"
   ]
  },
  {
   "cell_type": "markdown",
   "metadata": {},
   "source": [
    "Взглянем на сами данные (первые 10 строк):"
   ]
  },
  {
   "cell_type": "code",
   "execution_count": 5,
   "metadata": {},
   "outputs": [
    {
     "data": {
      "text/html": [
       "<div>\n",
       "<style scoped>\n",
       "    .dataframe tbody tr th:only-of-type {\n",
       "        vertical-align: middle;\n",
       "    }\n",
       "\n",
       "    .dataframe tbody tr th {\n",
       "        vertical-align: top;\n",
       "    }\n",
       "\n",
       "    .dataframe thead th {\n",
       "        text-align: right;\n",
       "    }\n",
       "</style>\n",
       "<table border=\"1\" class=\"dataframe\">\n",
       "  <thead>\n",
       "    <tr style=\"text-align: right;\">\n",
       "      <th></th>\n",
       "      <th>CRIM</th>\n",
       "      <th>ZN</th>\n",
       "      <th>INDUS</th>\n",
       "      <th>CHAS</th>\n",
       "      <th>NOX</th>\n",
       "      <th>RM</th>\n",
       "      <th>AGE</th>\n",
       "      <th>DIS</th>\n",
       "      <th>RAD</th>\n",
       "      <th>TAX</th>\n",
       "      <th>PTRATIO</th>\n",
       "      <th>B</th>\n",
       "      <th>LSTAT</th>\n",
       "      <th>MEDV</th>\n",
       "    </tr>\n",
       "  </thead>\n",
       "  <tbody>\n",
       "    <tr>\n",
       "      <th>0</th>\n",
       "      <td>0.00632</td>\n",
       "      <td>18.0</td>\n",
       "      <td>2.31</td>\n",
       "      <td>0</td>\n",
       "      <td>0.538</td>\n",
       "      <td>6.575</td>\n",
       "      <td>65.2</td>\n",
       "      <td>4.0900</td>\n",
       "      <td>1</td>\n",
       "      <td>296.0</td>\n",
       "      <td>15.3</td>\n",
       "      <td>396.90</td>\n",
       "      <td>4.98</td>\n",
       "      <td>24.0</td>\n",
       "    </tr>\n",
       "    <tr>\n",
       "      <th>1</th>\n",
       "      <td>0.02731</td>\n",
       "      <td>0.0</td>\n",
       "      <td>7.07</td>\n",
       "      <td>0</td>\n",
       "      <td>0.469</td>\n",
       "      <td>6.421</td>\n",
       "      <td>78.9</td>\n",
       "      <td>4.9671</td>\n",
       "      <td>2</td>\n",
       "      <td>242.0</td>\n",
       "      <td>17.8</td>\n",
       "      <td>396.90</td>\n",
       "      <td>9.14</td>\n",
       "      <td>21.6</td>\n",
       "    </tr>\n",
       "    <tr>\n",
       "      <th>2</th>\n",
       "      <td>0.02729</td>\n",
       "      <td>0.0</td>\n",
       "      <td>7.07</td>\n",
       "      <td>0</td>\n",
       "      <td>0.469</td>\n",
       "      <td>7.185</td>\n",
       "      <td>61.1</td>\n",
       "      <td>4.9671</td>\n",
       "      <td>2</td>\n",
       "      <td>242.0</td>\n",
       "      <td>17.8</td>\n",
       "      <td>392.83</td>\n",
       "      <td>4.03</td>\n",
       "      <td>34.7</td>\n",
       "    </tr>\n",
       "    <tr>\n",
       "      <th>3</th>\n",
       "      <td>0.03237</td>\n",
       "      <td>0.0</td>\n",
       "      <td>2.18</td>\n",
       "      <td>0</td>\n",
       "      <td>0.458</td>\n",
       "      <td>6.998</td>\n",
       "      <td>45.8</td>\n",
       "      <td>6.0622</td>\n",
       "      <td>3</td>\n",
       "      <td>222.0</td>\n",
       "      <td>18.7</td>\n",
       "      <td>394.63</td>\n",
       "      <td>2.94</td>\n",
       "      <td>33.4</td>\n",
       "    </tr>\n",
       "    <tr>\n",
       "      <th>4</th>\n",
       "      <td>0.06905</td>\n",
       "      <td>0.0</td>\n",
       "      <td>2.18</td>\n",
       "      <td>0</td>\n",
       "      <td>0.458</td>\n",
       "      <td>7.147</td>\n",
       "      <td>54.2</td>\n",
       "      <td>6.0622</td>\n",
       "      <td>3</td>\n",
       "      <td>222.0</td>\n",
       "      <td>18.7</td>\n",
       "      <td>396.90</td>\n",
       "      <td>5.33</td>\n",
       "      <td>36.2</td>\n",
       "    </tr>\n",
       "    <tr>\n",
       "      <th>5</th>\n",
       "      <td>0.02985</td>\n",
       "      <td>0.0</td>\n",
       "      <td>2.18</td>\n",
       "      <td>0</td>\n",
       "      <td>0.458</td>\n",
       "      <td>6.430</td>\n",
       "      <td>58.7</td>\n",
       "      <td>6.0622</td>\n",
       "      <td>3</td>\n",
       "      <td>222.0</td>\n",
       "      <td>18.7</td>\n",
       "      <td>394.12</td>\n",
       "      <td>5.21</td>\n",
       "      <td>28.7</td>\n",
       "    </tr>\n",
       "    <tr>\n",
       "      <th>6</th>\n",
       "      <td>0.08829</td>\n",
       "      <td>12.5</td>\n",
       "      <td>7.87</td>\n",
       "      <td>0</td>\n",
       "      <td>0.524</td>\n",
       "      <td>6.012</td>\n",
       "      <td>66.6</td>\n",
       "      <td>5.5605</td>\n",
       "      <td>5</td>\n",
       "      <td>311.0</td>\n",
       "      <td>15.2</td>\n",
       "      <td>395.60</td>\n",
       "      <td>12.43</td>\n",
       "      <td>22.9</td>\n",
       "    </tr>\n",
       "    <tr>\n",
       "      <th>7</th>\n",
       "      <td>0.14455</td>\n",
       "      <td>12.5</td>\n",
       "      <td>7.87</td>\n",
       "      <td>0</td>\n",
       "      <td>0.524</td>\n",
       "      <td>6.172</td>\n",
       "      <td>96.1</td>\n",
       "      <td>5.9505</td>\n",
       "      <td>5</td>\n",
       "      <td>311.0</td>\n",
       "      <td>15.2</td>\n",
       "      <td>396.90</td>\n",
       "      <td>19.15</td>\n",
       "      <td>27.1</td>\n",
       "    </tr>\n",
       "    <tr>\n",
       "      <th>8</th>\n",
       "      <td>0.21124</td>\n",
       "      <td>12.5</td>\n",
       "      <td>7.87</td>\n",
       "      <td>0</td>\n",
       "      <td>0.524</td>\n",
       "      <td>5.631</td>\n",
       "      <td>100.0</td>\n",
       "      <td>6.0821</td>\n",
       "      <td>5</td>\n",
       "      <td>311.0</td>\n",
       "      <td>15.2</td>\n",
       "      <td>386.63</td>\n",
       "      <td>29.93</td>\n",
       "      <td>16.5</td>\n",
       "    </tr>\n",
       "    <tr>\n",
       "      <th>9</th>\n",
       "      <td>0.17004</td>\n",
       "      <td>12.5</td>\n",
       "      <td>7.87</td>\n",
       "      <td>0</td>\n",
       "      <td>0.524</td>\n",
       "      <td>6.004</td>\n",
       "      <td>85.9</td>\n",
       "      <td>6.5921</td>\n",
       "      <td>5</td>\n",
       "      <td>311.0</td>\n",
       "      <td>15.2</td>\n",
       "      <td>386.71</td>\n",
       "      <td>17.10</td>\n",
       "      <td>18.9</td>\n",
       "    </tr>\n",
       "  </tbody>\n",
       "</table>\n",
       "</div>"
      ],
      "text/plain": [
       "      CRIM    ZN  INDUS  CHAS    NOX     RM    AGE     DIS  RAD    TAX  \\\n",
       "0  0.00632  18.0   2.31     0  0.538  6.575   65.2  4.0900    1  296.0   \n",
       "1  0.02731   0.0   7.07     0  0.469  6.421   78.9  4.9671    2  242.0   \n",
       "2  0.02729   0.0   7.07     0  0.469  7.185   61.1  4.9671    2  242.0   \n",
       "3  0.03237   0.0   2.18     0  0.458  6.998   45.8  6.0622    3  222.0   \n",
       "4  0.06905   0.0   2.18     0  0.458  7.147   54.2  6.0622    3  222.0   \n",
       "5  0.02985   0.0   2.18     0  0.458  6.430   58.7  6.0622    3  222.0   \n",
       "6  0.08829  12.5   7.87     0  0.524  6.012   66.6  5.5605    5  311.0   \n",
       "7  0.14455  12.5   7.87     0  0.524  6.172   96.1  5.9505    5  311.0   \n",
       "8  0.21124  12.5   7.87     0  0.524  5.631  100.0  6.0821    5  311.0   \n",
       "9  0.17004  12.5   7.87     0  0.524  6.004   85.9  6.5921    5  311.0   \n",
       "\n",
       "   PTRATIO       B  LSTAT  MEDV  \n",
       "0     15.3  396.90   4.98  24.0  \n",
       "1     17.8  396.90   9.14  21.6  \n",
       "2     17.8  392.83   4.03  34.7  \n",
       "3     18.7  394.63   2.94  33.4  \n",
       "4     18.7  396.90   5.33  36.2  \n",
       "5     18.7  394.12   5.21  28.7  \n",
       "6     15.2  395.60  12.43  22.9  \n",
       "7     15.2  396.90  19.15  27.1  \n",
       "8     15.2  386.63  29.93  16.5  \n",
       "9     15.2  386.71  17.10  18.9  "
      ]
     },
     "execution_count": 5,
     "metadata": {},
     "output_type": "execute_result"
    }
   ],
   "source": [
    "df_src.head(10)"
   ]
  },
  {
   "cell_type": "markdown",
   "metadata": {},
   "source": [
    "Выведем информацию по датасету:"
   ]
  },
  {
   "cell_type": "code",
   "execution_count": 6,
   "metadata": {},
   "outputs": [
    {
     "name": "stdout",
     "output_type": "stream",
     "text": [
      "<class 'pandas.core.frame.DataFrame'>\n",
      "RangeIndex: 506 entries, 0 to 505\n",
      "Data columns (total 14 columns):\n",
      " #   Column   Non-Null Count  Dtype  \n",
      "---  ------   --------------  -----  \n",
      " 0   CRIM     506 non-null    float64\n",
      " 1   ZN       506 non-null    float64\n",
      " 2   INDUS    506 non-null    float64\n",
      " 3   CHAS     506 non-null    int64  \n",
      " 4   NOX      506 non-null    float64\n",
      " 5   RM       506 non-null    float64\n",
      " 6   AGE      506 non-null    float64\n",
      " 7   DIS      506 non-null    float64\n",
      " 8   RAD      506 non-null    int64  \n",
      " 9   TAX      506 non-null    float64\n",
      " 10  PTRATIO  506 non-null    float64\n",
      " 11  B        506 non-null    float64\n",
      " 12  LSTAT    506 non-null    float64\n",
      " 13  MEDV     506 non-null    float64\n",
      "dtypes: float64(12), int64(2)\n",
      "memory usage: 55.5 KB\n"
     ]
    }
   ],
   "source": [
    "df_src.info()"
   ]
  },
  {
   "cell_type": "markdown",
   "metadata": {},
   "source": [
    "Проверим количество пропусков в данных:"
   ]
  },
  {
   "cell_type": "code",
   "execution_count": 7,
   "metadata": {},
   "outputs": [
    {
     "data": {
      "text/plain": [
       "CRIM       0\n",
       "ZN         0\n",
       "INDUS      0\n",
       "CHAS       0\n",
       "NOX        0\n",
       "RM         0\n",
       "AGE        0\n",
       "DIS        0\n",
       "RAD        0\n",
       "TAX        0\n",
       "PTRATIO    0\n",
       "B          0\n",
       "LSTAT      0\n",
       "MEDV       0\n",
       "dtype: int64"
      ]
     },
     "execution_count": 7,
     "metadata": {},
     "output_type": "execute_result"
    }
   ],
   "source": [
    "df_src.isnull().sum()"
   ]
  },
  {
   "cell_type": "markdown",
   "metadata": {},
   "source": [
    "Как можно убедиться, пропуски отсутствуют"
   ]
  },
  {
   "cell_type": "markdown",
   "metadata": {},
   "source": [
    "Вторым этапом, раазделим данные на train и test:"
   ]
  },
  {
   "cell_type": "code",
   "execution_count": 8,
   "metadata": {},
   "outputs": [
    {
     "data": {
      "text/plain": [
       "((354, 14), (152, 14))"
      ]
     },
     "execution_count": 8,
     "metadata": {},
     "output_type": "execute_result"
    }
   ],
   "source": [
    "from sklearn.model_selection import train_test_split\n",
    "df_train_data, df_test_data = train_test_split(df_src, test_size=.3, random_state=RANDOM_SEED, shuffle=True)\n",
    "\n",
    "df_train_data.shape, df_test_data.shape"
   ]
  },
  {
   "cell_type": "markdown",
   "metadata": {},
   "source": [
    "У нас: 354 данных для train, и 152 для test (пропорция 70/30)"
   ]
  },
  {
   "cell_type": "markdown",
   "metadata": {},
   "source": [
    "Создадим baseline модель и снимем метрики:"
   ]
  },
  {
   "cell_type": "code",
   "execution_count": 9,
   "metadata": {},
   "outputs": [
    {
     "name": "stdout",
     "output_type": "stream",
     "text": [
      "MSE: 21.51744423117709\n",
      "RMSE: 4.638689926172808\n",
      "MAE: 3.1627098714573947\n",
      "R2: 0.7112260057484948\n"
     ]
    }
   ],
   "source": [
    "from sklearn.linear_model import LinearRegression\n",
    "from sklearn.metrics import mean_absolute_error, r2_score\n",
    "\n",
    "\n",
    "def compute_MSE(y_true, y_pred):\n",
    "    mse = np.mean((y_pred - y_true)**2)\n",
    "    return mse\n",
    "\n",
    "\n",
    "reg_model = LinearRegression()\n",
    "df_train = df_train_data.copy()\n",
    "y_true = df_train.pop('MEDV')\n",
    "\n",
    "reg_model.fit(df_train, y_true)\n",
    "\n",
    "df_test = df_test_data.copy()\n",
    "y_test = df_test.pop('MEDV')\n",
    "\n",
    "y_pred = reg_model.predict(df_test)\n",
    "\n",
    "mse = compute_MSE(y_test, y_pred)\n",
    "rmse = np.sqrt(mse)\n",
    "mae = mean_absolute_error(y_test, y_pred)\n",
    "r2 = r2_score(y_test, y_pred)\n",
    "\n",
    "\n",
    "print(\"MSE:\", mse)\n",
    "print(\"RMSE:\", rmse)\n",
    "print(\"MAE:\", mae)\n",
    "print(\"R2:\", r2)\n"
   ]
  },
  {
   "cell_type": "markdown",
   "metadata": {},
   "source": [
    "Как можно заметить, метрики MSE, RMSE и MAE имеют достаточно большие значения. Попробуем это исправить!\n",
    "\n",
    "Начнем анализировать данные и подготовим план по очистке."
   ]
  },
  {
   "cell_type": "markdown",
   "metadata": {},
   "source": [
    "Для анализа, создадим матрицу корреляций:"
   ]
  },
  {
   "cell_type": "code",
   "execution_count": 10,
   "metadata": {},
   "outputs": [
    {
     "data": {
      "text/html": [
       "<div>\n",
       "<style scoped>\n",
       "    .dataframe tbody tr th:only-of-type {\n",
       "        vertical-align: middle;\n",
       "    }\n",
       "\n",
       "    .dataframe tbody tr th {\n",
       "        vertical-align: top;\n",
       "    }\n",
       "\n",
       "    .dataframe thead th {\n",
       "        text-align: right;\n",
       "    }\n",
       "</style>\n",
       "<table border=\"1\" class=\"dataframe\">\n",
       "  <thead>\n",
       "    <tr style=\"text-align: right;\">\n",
       "      <th></th>\n",
       "      <th>CRIM</th>\n",
       "      <th>ZN</th>\n",
       "      <th>INDUS</th>\n",
       "      <th>CHAS</th>\n",
       "      <th>NOX</th>\n",
       "      <th>RM</th>\n",
       "      <th>AGE</th>\n",
       "      <th>DIS</th>\n",
       "      <th>RAD</th>\n",
       "      <th>TAX</th>\n",
       "      <th>PTRATIO</th>\n",
       "      <th>B</th>\n",
       "      <th>LSTAT</th>\n",
       "      <th>MEDV</th>\n",
       "    </tr>\n",
       "  </thead>\n",
       "  <tbody>\n",
       "    <tr>\n",
       "      <th>CRIM</th>\n",
       "      <td>1.000000</td>\n",
       "      <td>-0.200469</td>\n",
       "      <td>0.406583</td>\n",
       "      <td>-0.055892</td>\n",
       "      <td>0.420972</td>\n",
       "      <td>-0.219247</td>\n",
       "      <td>0.352734</td>\n",
       "      <td>-0.379670</td>\n",
       "      <td>0.625505</td>\n",
       "      <td>0.582764</td>\n",
       "      <td>0.289946</td>\n",
       "      <td>-0.385064</td>\n",
       "      <td>0.455621</td>\n",
       "      <td>-0.388305</td>\n",
       "    </tr>\n",
       "    <tr>\n",
       "      <th>ZN</th>\n",
       "      <td>-0.200469</td>\n",
       "      <td>1.000000</td>\n",
       "      <td>-0.533828</td>\n",
       "      <td>-0.042697</td>\n",
       "      <td>-0.516604</td>\n",
       "      <td>0.311991</td>\n",
       "      <td>-0.569537</td>\n",
       "      <td>0.664408</td>\n",
       "      <td>-0.311948</td>\n",
       "      <td>-0.314563</td>\n",
       "      <td>-0.391679</td>\n",
       "      <td>0.175520</td>\n",
       "      <td>-0.412995</td>\n",
       "      <td>0.360445</td>\n",
       "    </tr>\n",
       "    <tr>\n",
       "      <th>INDUS</th>\n",
       "      <td>0.406583</td>\n",
       "      <td>-0.533828</td>\n",
       "      <td>1.000000</td>\n",
       "      <td>0.062938</td>\n",
       "      <td>0.763651</td>\n",
       "      <td>-0.391676</td>\n",
       "      <td>0.644779</td>\n",
       "      <td>-0.708027</td>\n",
       "      <td>0.595129</td>\n",
       "      <td>0.720760</td>\n",
       "      <td>0.383248</td>\n",
       "      <td>-0.356977</td>\n",
       "      <td>0.603800</td>\n",
       "      <td>-0.483725</td>\n",
       "    </tr>\n",
       "    <tr>\n",
       "      <th>CHAS</th>\n",
       "      <td>-0.055892</td>\n",
       "      <td>-0.042697</td>\n",
       "      <td>0.062938</td>\n",
       "      <td>1.000000</td>\n",
       "      <td>0.091203</td>\n",
       "      <td>0.091251</td>\n",
       "      <td>0.086518</td>\n",
       "      <td>-0.099176</td>\n",
       "      <td>-0.007368</td>\n",
       "      <td>-0.035587</td>\n",
       "      <td>-0.121515</td>\n",
       "      <td>0.048788</td>\n",
       "      <td>-0.053929</td>\n",
       "      <td>0.175260</td>\n",
       "    </tr>\n",
       "    <tr>\n",
       "      <th>NOX</th>\n",
       "      <td>0.420972</td>\n",
       "      <td>-0.516604</td>\n",
       "      <td>0.763651</td>\n",
       "      <td>0.091203</td>\n",
       "      <td>1.000000</td>\n",
       "      <td>-0.302188</td>\n",
       "      <td>0.731470</td>\n",
       "      <td>-0.769230</td>\n",
       "      <td>0.611441</td>\n",
       "      <td>0.668023</td>\n",
       "      <td>0.188933</td>\n",
       "      <td>-0.380051</td>\n",
       "      <td>0.590879</td>\n",
       "      <td>-0.427321</td>\n",
       "    </tr>\n",
       "    <tr>\n",
       "      <th>RM</th>\n",
       "      <td>-0.219247</td>\n",
       "      <td>0.311991</td>\n",
       "      <td>-0.391676</td>\n",
       "      <td>0.091251</td>\n",
       "      <td>-0.302188</td>\n",
       "      <td>1.000000</td>\n",
       "      <td>-0.240265</td>\n",
       "      <td>0.205246</td>\n",
       "      <td>-0.209847</td>\n",
       "      <td>-0.292048</td>\n",
       "      <td>-0.355501</td>\n",
       "      <td>0.128069</td>\n",
       "      <td>-0.613808</td>\n",
       "      <td>0.695360</td>\n",
       "    </tr>\n",
       "    <tr>\n",
       "      <th>AGE</th>\n",
       "      <td>0.352734</td>\n",
       "      <td>-0.569537</td>\n",
       "      <td>0.644779</td>\n",
       "      <td>0.086518</td>\n",
       "      <td>0.731470</td>\n",
       "      <td>-0.240265</td>\n",
       "      <td>1.000000</td>\n",
       "      <td>-0.747881</td>\n",
       "      <td>0.456022</td>\n",
       "      <td>0.506456</td>\n",
       "      <td>0.261515</td>\n",
       "      <td>-0.273534</td>\n",
       "      <td>0.602339</td>\n",
       "      <td>-0.376955</td>\n",
       "    </tr>\n",
       "    <tr>\n",
       "      <th>DIS</th>\n",
       "      <td>-0.379670</td>\n",
       "      <td>0.664408</td>\n",
       "      <td>-0.708027</td>\n",
       "      <td>-0.099176</td>\n",
       "      <td>-0.769230</td>\n",
       "      <td>0.205246</td>\n",
       "      <td>-0.747881</td>\n",
       "      <td>1.000000</td>\n",
       "      <td>-0.494588</td>\n",
       "      <td>-0.534432</td>\n",
       "      <td>-0.232471</td>\n",
       "      <td>0.291512</td>\n",
       "      <td>-0.496996</td>\n",
       "      <td>0.249929</td>\n",
       "    </tr>\n",
       "    <tr>\n",
       "      <th>RAD</th>\n",
       "      <td>0.625505</td>\n",
       "      <td>-0.311948</td>\n",
       "      <td>0.595129</td>\n",
       "      <td>-0.007368</td>\n",
       "      <td>0.611441</td>\n",
       "      <td>-0.209847</td>\n",
       "      <td>0.456022</td>\n",
       "      <td>-0.494588</td>\n",
       "      <td>1.000000</td>\n",
       "      <td>0.910228</td>\n",
       "      <td>0.464741</td>\n",
       "      <td>-0.444413</td>\n",
       "      <td>0.488676</td>\n",
       "      <td>-0.381626</td>\n",
       "    </tr>\n",
       "    <tr>\n",
       "      <th>TAX</th>\n",
       "      <td>0.582764</td>\n",
       "      <td>-0.314563</td>\n",
       "      <td>0.720760</td>\n",
       "      <td>-0.035587</td>\n",
       "      <td>0.668023</td>\n",
       "      <td>-0.292048</td>\n",
       "      <td>0.506456</td>\n",
       "      <td>-0.534432</td>\n",
       "      <td>0.910228</td>\n",
       "      <td>1.000000</td>\n",
       "      <td>0.460853</td>\n",
       "      <td>-0.441808</td>\n",
       "      <td>0.543993</td>\n",
       "      <td>-0.468536</td>\n",
       "    </tr>\n",
       "    <tr>\n",
       "      <th>PTRATIO</th>\n",
       "      <td>0.289946</td>\n",
       "      <td>-0.391679</td>\n",
       "      <td>0.383248</td>\n",
       "      <td>-0.121515</td>\n",
       "      <td>0.188933</td>\n",
       "      <td>-0.355501</td>\n",
       "      <td>0.261515</td>\n",
       "      <td>-0.232471</td>\n",
       "      <td>0.464741</td>\n",
       "      <td>0.460853</td>\n",
       "      <td>1.000000</td>\n",
       "      <td>-0.177383</td>\n",
       "      <td>0.374044</td>\n",
       "      <td>-0.507787</td>\n",
       "    </tr>\n",
       "    <tr>\n",
       "      <th>B</th>\n",
       "      <td>-0.385064</td>\n",
       "      <td>0.175520</td>\n",
       "      <td>-0.356977</td>\n",
       "      <td>0.048788</td>\n",
       "      <td>-0.380051</td>\n",
       "      <td>0.128069</td>\n",
       "      <td>-0.273534</td>\n",
       "      <td>0.291512</td>\n",
       "      <td>-0.444413</td>\n",
       "      <td>-0.441808</td>\n",
       "      <td>-0.177383</td>\n",
       "      <td>1.000000</td>\n",
       "      <td>-0.366087</td>\n",
       "      <td>0.333461</td>\n",
       "    </tr>\n",
       "    <tr>\n",
       "      <th>LSTAT</th>\n",
       "      <td>0.455621</td>\n",
       "      <td>-0.412995</td>\n",
       "      <td>0.603800</td>\n",
       "      <td>-0.053929</td>\n",
       "      <td>0.590879</td>\n",
       "      <td>-0.613808</td>\n",
       "      <td>0.602339</td>\n",
       "      <td>-0.496996</td>\n",
       "      <td>0.488676</td>\n",
       "      <td>0.543993</td>\n",
       "      <td>0.374044</td>\n",
       "      <td>-0.366087</td>\n",
       "      <td>1.000000</td>\n",
       "      <td>-0.737663</td>\n",
       "    </tr>\n",
       "    <tr>\n",
       "      <th>MEDV</th>\n",
       "      <td>-0.388305</td>\n",
       "      <td>0.360445</td>\n",
       "      <td>-0.483725</td>\n",
       "      <td>0.175260</td>\n",
       "      <td>-0.427321</td>\n",
       "      <td>0.695360</td>\n",
       "      <td>-0.376955</td>\n",
       "      <td>0.249929</td>\n",
       "      <td>-0.381626</td>\n",
       "      <td>-0.468536</td>\n",
       "      <td>-0.507787</td>\n",
       "      <td>0.333461</td>\n",
       "      <td>-0.737663</td>\n",
       "      <td>1.000000</td>\n",
       "    </tr>\n",
       "  </tbody>\n",
       "</table>\n",
       "</div>"
      ],
      "text/plain": [
       "             CRIM        ZN     INDUS      CHAS       NOX        RM       AGE  \\\n",
       "CRIM     1.000000 -0.200469  0.406583 -0.055892  0.420972 -0.219247  0.352734   \n",
       "ZN      -0.200469  1.000000 -0.533828 -0.042697 -0.516604  0.311991 -0.569537   \n",
       "INDUS    0.406583 -0.533828  1.000000  0.062938  0.763651 -0.391676  0.644779   \n",
       "CHAS    -0.055892 -0.042697  0.062938  1.000000  0.091203  0.091251  0.086518   \n",
       "NOX      0.420972 -0.516604  0.763651  0.091203  1.000000 -0.302188  0.731470   \n",
       "RM      -0.219247  0.311991 -0.391676  0.091251 -0.302188  1.000000 -0.240265   \n",
       "AGE      0.352734 -0.569537  0.644779  0.086518  0.731470 -0.240265  1.000000   \n",
       "DIS     -0.379670  0.664408 -0.708027 -0.099176 -0.769230  0.205246 -0.747881   \n",
       "RAD      0.625505 -0.311948  0.595129 -0.007368  0.611441 -0.209847  0.456022   \n",
       "TAX      0.582764 -0.314563  0.720760 -0.035587  0.668023 -0.292048  0.506456   \n",
       "PTRATIO  0.289946 -0.391679  0.383248 -0.121515  0.188933 -0.355501  0.261515   \n",
       "B       -0.385064  0.175520 -0.356977  0.048788 -0.380051  0.128069 -0.273534   \n",
       "LSTAT    0.455621 -0.412995  0.603800 -0.053929  0.590879 -0.613808  0.602339   \n",
       "MEDV    -0.388305  0.360445 -0.483725  0.175260 -0.427321  0.695360 -0.376955   \n",
       "\n",
       "              DIS       RAD       TAX   PTRATIO         B     LSTAT      MEDV  \n",
       "CRIM    -0.379670  0.625505  0.582764  0.289946 -0.385064  0.455621 -0.388305  \n",
       "ZN       0.664408 -0.311948 -0.314563 -0.391679  0.175520 -0.412995  0.360445  \n",
       "INDUS   -0.708027  0.595129  0.720760  0.383248 -0.356977  0.603800 -0.483725  \n",
       "CHAS    -0.099176 -0.007368 -0.035587 -0.121515  0.048788 -0.053929  0.175260  \n",
       "NOX     -0.769230  0.611441  0.668023  0.188933 -0.380051  0.590879 -0.427321  \n",
       "RM       0.205246 -0.209847 -0.292048 -0.355501  0.128069 -0.613808  0.695360  \n",
       "AGE     -0.747881  0.456022  0.506456  0.261515 -0.273534  0.602339 -0.376955  \n",
       "DIS      1.000000 -0.494588 -0.534432 -0.232471  0.291512 -0.496996  0.249929  \n",
       "RAD     -0.494588  1.000000  0.910228  0.464741 -0.444413  0.488676 -0.381626  \n",
       "TAX     -0.534432  0.910228  1.000000  0.460853 -0.441808  0.543993 -0.468536  \n",
       "PTRATIO -0.232471  0.464741  0.460853  1.000000 -0.177383  0.374044 -0.507787  \n",
       "B        0.291512 -0.444413 -0.441808 -0.177383  1.000000 -0.366087  0.333461  \n",
       "LSTAT   -0.496996  0.488676  0.543993  0.374044 -0.366087  1.000000 -0.737663  \n",
       "MEDV     0.249929 -0.381626 -0.468536 -0.507787  0.333461 -0.737663  1.000000  "
      ]
     },
     "execution_count": 10,
     "metadata": {},
     "output_type": "execute_result"
    }
   ],
   "source": [
    "correlation_mtrx = df_src.corr()\n",
    "correlation_mtrx"
   ]
  },
  {
   "cell_type": "markdown",
   "metadata": {},
   "source": [
    "Построим график матрицы корреляции:"
   ]
  },
  {
   "cell_type": "code",
   "execution_count": 11,
   "metadata": {},
   "outputs": [
    {
     "data": {
